atv
73
90 25
150 45
290 35
370 55
510 45
570 40
725 55
875 80
1085 65
1155 35
1310 25
1495 25
1675 30
1855 80
1995 85
2105 80
2250 50
2320 60
2425 65
2630 60
2690 90
2945 65
3075 55
3285 50
3475 60
3610 85
3765 60
3830 50
3885 70
3955 15
3990 25
4105 40
4190 90
4440 65
4645 80
4765 75
4880 55
4995 25
5155 85
5295 85
5440 65
5680 75
5765 45
5875 35
6055 50
6230 65
6385 15
6520 85
6635 65
6785 40
6950 90
7040 85
7190 80
7300 70
7385 40
7595 65
7800 50
7930 50
8115 70
8215 50
8360 60
8585 80
8690 45
8750 15
8775 25
8935 65
9140 35
9200 90
9435 90
9525 45
9680 70
9910 55
10035 15
btv
74
160 65
285 30
450 85
705 25
835 55
965 75
1205 70
1400 70
1585 55
1680 75
1775 65
1905 55
2075 50
2300 30
2330 90
2475 35
2580 60
2815 70
2940 55
3075 55
3205 25
3300 45
3380 80
3520 25
3645 80
3865 60
4055 40
4120 35
4215 35
4330 25
4375 35
4445 75
4615 30
4720 80
4900 55
5025 30
5165 20
5325 15
5470 45
5635 60
5715 55
5780 30
5875 35
6025 90
6175 80
6295 70
6425 55
6495 80
6610 50
6710 75
6890 60
7085 35
7130 80
7265 75
7510 65
7590 80
7780 30
7845 55
7920 85
8130 80
8275 85
8380 70
8495 15
8530 30
8695 45
8825 60
8930 65
9115 85
9290 80
9540 75
9690 35
9740 80
9840 55
9975 15
ctv
69
95 85
340 20
480 15
570 50
790 60
880 55
1025 30
1115 85
1375 75
1460 85
1625 80
1735 25
1920 35
1960 55
2190 80
2340 90
2570 80
2765 45
2970 50
3185 55
3400 50
3525 60
3640 25
3770 80
3895 80
4115 75
4260 90
4490 60
4570 60
4630 85
4775 40
4910 65
5075 50
5235 80
5395 55
5595 15
5635 40
5710 85
5820 20
5895 55
6095 90
6335 60
6400 20
6530 80
6655 90
6840 60
7010 20
7060 85
7190 20
7260 70
7375 30
7450 50
7630 35
7820 90
8055 20
8130 85
8365 25
8465 40
8635 15
8705 70
8930 15
9050 65
9270 45
9490 30
9540 25
9670 20
9735 30
9770 90
9920 90
dtv
72
165 15
355 15
415 55
470 75
560 80
645 55
735 35
855 40
965 65
1065 25
1210 35
1410 45
1540 15
1555 20
1685 65
1920 45
2090 40
2140 45
2310 75
2555 80
2735 55
2880 50
3050 60
3260 50
3390 80
3590 55
3745 75
3925 35
4015 60
4080 50
4290 30
4395 70
4630 70
4810 45
4930 65
5055 75
5130 75
5335 35
5370 40
5515 75
5745 30
5785 20
5980 65
6065 70
6305 60
6405 90
6620 25
6780 55
6935 40
7025 45
7160 50
7365 20
7420 90
7615 60
7785 30
7885 30
7940 90
8160 85
8245 70
8370 50
8540 15
8620 55
8830 55
8940 60
9105 35
9235 35
9270 35
9320 50
9460 80
9670 70
9915 35
10015 30
etv
77
90 25
280 90
380 15
405 70
625 20
645 55
755 15
770 30
835 35
965 35
1040 30
1225 30
1350 50
1455 45
1500 25
1640 75
1750 25
1935 20
2095 85
2205 80
2310 15
2375 40
2520 50
2710 65
2795 30
2955 20
3145 75
3255 35
3335 45
3420 15
3480 30
3570 50
3775 65
3950 80
4095 45
4180 80
4415 85
4605 20
4635 75
4865 55
5085 85
5305 40
5425 40
5535 50
5585 25
5640 60
5855 70
5950 50
6110 25
6145 60
6245 65
6340 80
6475 45
6615 85
6860 80
7060 20
7110 55
7340 70
7440 40
7650 55
7860 80
8080 65
8260 40
8320 90
8415 35
8560 90
8685 30
8865 40
8975 40
9020 90
9235 15
9265 25
9355 85
9465 30
9550 55
9765 55
9980 55
ftv
75
100 50
240 40
355 20
410 75
505 30
560 40
605 40
750 65
970 20
1105 30
1195 60
1405 65
1645 15
1715 50
1770 15
1850 55
1925 20
2000 70
2170 90
2365 85
2550 50
2670 20
2700 65
2915 15
2960 40
3055 80
3180 35
3300 90
3440 65
3510 45
3720 30
3810 65
3975 60
4140 65
4260 40
4370 55
4525 80
4675 50
4870 90
5000 70
5110 70
5185 55
5340 70
5575 75
5750 50
5800 55
5955 70
6050 60
6115 70
6330 50
6500 65
6615 20
6770 40
6835 50
7030 90
7220 90
7340 50
7390 30
7575 15
7705 55
7935 90
8045 35
8255 40
8325 85
8520 35
8650 45
8775 55
8860 60
9090 60
9290 35
9350 15
9540 20
9625 65
9820 60
9955 80
gtv
69
5 70
90 45
210 25
315 80
400 30
605 50
725 85
945 25
1075 25
1235 55
1430 20
1615 30
1795 50
2000 20
2025 50
2240 50
2380 25
2500 45
2700 70
2855 25
2905 90
3100 30
3275 30
3385 85
3485 20
3510 25
3600 40
3690 15
3790 50
3970 35
4105 40
4280 25
4390 50
4520 55
4670 40
4855 90
5045 65
5240 40
5385 50
5520 45
5660 30
5730 30
5865 30
6035 85
6255 40
6460 40
6565 60
6740 45
6925 80
7055 30
7155 70
7345 25
7435 85
7690 60
7890 80
8005 20
8135 45
8305 35
8415 75
8505 45
8575 55
8760 90
8985 25
9085 55
9250 70
9495 90
9620 25
9815 25
10010 20
htv
74
20 40
200 70
325 25
410 25
475 50
610 85
710 55
865 25
950 25
1135 40
1185 50
1330 85
1540 30
1730 15
1870 15
2030 30
2200 80
2415 20
2505 20
2650 90
2830 65
3015 25
3105 40
3280 45
3390 55
3480 20
3540 15
3675 50
3835 60
3900 80
4125 15
4215 75
4360 80
4565 65
4790 75
4970 15
5065 70
5225 60
5345 80
5465 65
5605 25
5630 25
5705 50
5755 20
5915 90
6080 50
6235 20
6350 65
6580 65
6740 45
6945 55
7085 70
7230 20
7355 80
7500 20
7535 85
7635 65
7715 55
7930 30
8015 60
8175 55
8300 15
8420 35
8565 50
8660 90
8805 90
8980 55
9080 25
9230 50
9385 25
9500 65
9700 65
9835 65
10005 50
