retektv
71
30 80
245 35
370 50
540 75
640 15
805 45
985 15
1085 70
1200 90
1450 15
1475 55
1695 45
1785 45
1840 30
1950 50
2045 30
2120 50
2225 15
2390 55
2560 25
2760 80
2870 40
3040 70
3275 45
3470 65
3595 60
3815 80
3990 60
4065 30
4240 45
4320 55
4500 65
4635 50
4780 75
4950 45
5085 15
5115 70
5360 60
5495 25
5615 90
5845 55
6055 30
6180 90
6375 50
6480 55
6705 15
6860 80
7100 70
7315 55
7475 45
7535 80
7720 30
7845 50
7965 40
8105 60
8275 50
8335 30
8405 60
8620 75
8840 80
8970 80
9170 20
9200 15
9350 30
9405 60
9530 20
9585 55
9675 35
9840 50
9950 50
10010 45
csigatv
64
45 85
235 30
385 80
495 15
560 70
680 70
880 55
995 90
1230 55
1345 65
1495 60
1630 65
1730 35
1940 85
2100 80
2255 90
2485 45
2595 15
2770 15
2935 90
3140 25
3325 90
3550 55
3690 40
3790 65
3945 30
4020 65
4155 50
4280 80
4520 15
4595 40
4810 75
4965 30
5125 80
5370 40
5570 65
5735 90
5890 70
6000 25
6190 30
6360 60
6575 40
6695 35
6890 60
7120 85
7255 55
7355 15
7410 80
7635 80
7795 60
8000 45
8160 30
8230 35
8425 60
8650 50
8770 75
8995 15
9140 20
9205 85
9325 30
9530 45
9620 25
9710 70
9825 85
velotv
59
165 35
290 50
410 65
535 15
725 35
890 50
1035 20
1220 90
1485 20
1590 60
1825 55
2020 65
2175 55
2325 30
2420 35
2630 50
2815 65
3050 45
3190 40
3325 80
3570 35
3705 55
3885 60
4030 15
4130 20
4275 20
4360 65
4515 75
4705 80
4860 55
5070 20
5260 25
5435 90
5680 40
5790 55
6015 35
6215 25
6405 15
6515 85
6755 85
7000 70
7210 25
7345 25
7515 65
7670 20
7865 75
8065 55
8280 50
8435 40
8565 15
8715 45
8885 15
9000 25
9100 35
9290 45
9440 60
9585 15
9720 55
9910 50
