atv
70
40 50
175 30
275 55
490 85
620 65
690 20
800 85
910 75
1140 35
1295 80
1440 70
1640 60
1850 85
2105 60
2195 35
2265 60
2460 15
2595 70
2725 55
2805 70
2880 90
3115 65
3225 85
3480 25
3640 80
3835 70
3985 85
4240 45
4425 45
4495 40
4555 85
4810 20
4935 45
5000 35
5075 70
5145 30
5250 15
5375 60
5585 30
5665 55
5765 60
5870 65
6075 75
6325 55
6465 80
6680 60
6805 35
6855 75
6950 70
7115 90
7340 90
7450 55
7605 35
7730 40
7865 15
7955 50
8055 45
8240 65
8390 65
8520 30
8550 35
8690 85
8920 55
9150 50
9350 45
9525 90
9665 25
9800 55
9915 15
10000 45
btv
67
105 70
335 70
490 70
675 65
850 45
1005 65
1235 75
1460 75
1680 60
1800 35
1960 80
2135 25
2305 50
2435 15
2540 70
2685 40
2840 15
2945 90
3155 45
3320 60
3415 30
3600 35
3645 80
3815 40
3945 70
4045 65
4235 80
4360 60
4460 55
4545 75
4775 40
4855 90
5070 80
5155 85
5350 40
5465 75
5680 30
5820 25
6020 50
6230 70
6405 35
6530 25
6575 70
6705 75
6820 70
7015 35
7065 45
7195 20
7245 15
7365 85
7485 15
7625 80
7875 60
7995 80
8095 70
8180 45
8310 45
8385 30
8560 50
8710 30
8865 40
9010 85
9270 15
9425 80
9560 45
9705 85
9860 85
ctv
70
160 15
200 65
275 45
340 50
540 85
630 15
795 15
855 20
890 15
1015 70
1205 80
1400 45
1555 90
1760 30
1800 85
1990 40
2135 55
2280 15
2355 45
2435 85
2595 65
2785 70
2980 75
3100 90
3215 85
3450 80
3535 20
3700 50
3815 90
3910 55
4040 25
4135 70
4360 15
4465 20
4625 20
4650 45
4825 40
4885 75
5105 80
5235 45
5320 55
5430 40
5610 90
5805 20
5940 50
6165 70
6385 70
6550 85
6780 35
6840 40
6970 20
7050 60
7115 80
7310 40
7400 40
7495 70
7655 55
7735 85
7875 40
7925 90
8100 85
8350 90
8585 85
8835 75
8930 55
9085 90
9315 70
9515 40
9720 65
9855 50
dtv
66
30 25
175 60
395 25
490 70
565 20
680 35
730 35
875 55
940 20
1110 65
1205 80
1285 40
1475 70
1595 85
1785 80
2025 45
2190 55
2415 75
2620 80
2875 35
2945 70
3150 55
3290 45
3490 75
3670 15
3835 50
3915 35
4070 15
4105 35
4295 70
4535 55
4690 55
4835 55
5035 90
5195 65
5315 35
5440 60
5595 90
5710 65
5950 70
6120 40
6230 85
6475 65
6700 85
6935 45
7060 75
7200 70
7355 40
7475 20
7555 45
7600 25
7670 80
7855 35
8065 35
8190 70
8380 45
8560 50
8735 50
8955 70
9040 25
9235 30
9265 35
9385 90
9545 70
9765 20
9895 90
etv
73
60 90
320 20
435 45
600 20
665 35
785 75
1010 75
1205 20
1295 65
1410 55
1625 20
1795 20
1880 85
2000 55
2125 85
2385 35
2505 85
2685 30
2850 40
2975 15
3165 65
3395 90
3530 55
3660 75
3885 30
3960 70
4100 25
4160 55
4320 90
4505 60
4590 45
4685 70
4800 30
4895 50
5005 60
5095 85
5300 55
5365 40
5525 65
5735 85
5875 50
5980 25
6030 35
6080 55
6260 60
6440 30
6505 60
6720 45
6765 15
6830 60
6905 30
7055 90
7205 60
7355 15
7425 25
7495 75
7690 15
7715 70
7800 40
7885 15
7905 25
8000 85
8195 30
8345 35
8470 40
8680 40
8860 65
9075 60
9290 45
9455 60
9605 60
9760 45
9965 65
